Iteration       NormGrad          Cost      Equality     Inequality     Rel. cost         Rel. x     Line-search
        0    6.21266e+00   7.67990e+00   0.00000e+00    1.00000e-01   1.00000e+00    1.00000e+00               0
        1    2.86643e+00   3.58983e+00   2.78886e-02    5.06772e-12   5.32550e-01    1.23812e+16               0
        2    8.43237e-01   2.03030e+00   2.22820e-02    4.02076e-11   4.34390e-01    1.75369e+00               0
        3    8.22590e-01   2.00666e+00   2.21405e-02    3.98097e-11   1.16153e-02    3.53713e-02               2
        4    8.07543e-01   1.98573e+00   2.19814e-02    3.98135e-11   1.04085e-02    3.46856e-02               2
        5    7.90599e-01   1.96547e+00   2.18193e-02    5.81420e-11   1.01816e-02    3.48772e-02               2
        6    7.75389e-01   1.94624e+00   2.16578e-02    5.84846e-11   9.76498e-03    3.51081e-02               2
        7    7.61670e-01   1.92678e+00   2.15212e-02    6.19956e-11   9.97448e-03    3.55658e-02               2
        8    7.49124e-01   1.90756e+00   2.14004e-02    6.39235e-11   9.94589e-03    3.69595e-02               2
        9    7.38186e-01   1.89135e+00   2.12802e-02    6.39644e-11   8.47404e-03    3.55104e-02               2
       10    7.28329e-01   1.87768e+00   2.11105e-02    6.33249e-11   7.23228e-03    3.18628e-02               2
       11    7.19042e-01   1.86547e+00   2.09609e-02    6.27659e-11   6.50817e-03    3.18274e-02               2
       12    6.44934e-01   1.78592e+00   2.13921e-02    5.65132e-11   4.20282e-02    2.97862e-01               1
       13    5.86767e-01   1.76873e+00   2.42751e-02    5.10425e-11   8.06669e-03    2.49452e-01               1
       14    5.80534e-01   1.75737e+00   2.40948e-02    5.05326e-11   6.43023e-03    2.32977e-02               2
       15    5.75106e-01   1.74920e+00   2.39576e-02    5.01991e-11   4.66325e-03    2.16623e-02               2
       16    5.70561e-01   1.74395e+00   2.37704e-02    4.97374e-11   3.05124e-03    1.98991e-02               2
       17    5.64916e-01   1.74009e+00   2.35615e-02    5.28572e-11   2.29261e-03    1.63911e-02               2
       18    5.19666e-01   1.72515e+00   2.47838e-02    4.75716e-11   7.84611e-03    1.51740e-01               1
       19    5.12432e-01   1.71959e+00   2.48280e-02    4.70959e-11   3.16158e-03    1.88963e-02               2
       20    5.05389e-01   1.71607e+00   2.46586e-02    4.66249e-11   2.10620e-03    1.31068e-02               2
       21    4.98886e-01   1.71333e+00   2.44367e-02    4.61631e-11   1.69533e-03    1.12853e-02               2
       22    4.52258e-01   1.70741e+00   2.37285e-02    4.15554e-11   3.79039e-03    1.03437e-01               1
       23    4.46856e-01   1.70136e+00   2.35914e-02    4.11408e-11   3.57213e-03    2.04577e-02               2
       24    4.42240e-01   1.69921e+00   2.33965e-02    4.12339e-11   1.35230e-03    1.23471e-02               2
       25    4.36811e-01   1.69760e+00   2.32824e-02    4.08217e-11   9.94176e-04    1.07215e-02               2
       26    4.32087e-01   1.69650e+00   2.30940e-02    4.04135e-11   7.47760e-04    8.79384e-03               2
       27    4.27227e-01   1.69570e+00   2.28870e-02    4.00094e-11   5.84304e-04    7.96340e-03               2
       28    4.22863e-01   1.69509e+00   2.27524e-02    3.96094e-11   4.35979e-04    7.61949e-03               2
       29    4.18314e-01   1.69458e+00   2.25672e-02    3.92141e-11   4.00444e-04    7.37365e-03               2
       30    4.14350e-01   1.69418e+00   2.23806e-02    3.88219e-11   3.44237e-04    6.68105e-03               2
       31    4.09806e-01   1.69373e+00   2.22810e-02    3.84340e-11   3.21144e-04    7.18388e-03               2
       32    4.06141e-01   1.69342e+00   2.21147e-02    3.80498e-11   2.79736e-04    6.97240e-03               2
       33    4.01760e-01   1.69302e+00   2.19289e-02    3.76694e-11   3.39060e-04    6.56059e-03               2
       34    3.97849e-01   1.69274e+00   2.17764e-02    3.72933e-11   2.55150e-04    6.25952e-03               2
       35    3.93867e-01   1.69238e+00   2.16632e-02    3.72856e-11   2.73380e-04    6.57232e-03               2
       36    3.89904e-01   1.69212e+00   2.15162e-02    3.69128e-11   2.36477e-04    6.42842e-03               2
       37    3.85946e-01   1.69183e+00   2.13644e-02    3.65439e-11   2.56779e-04    6.47567e-03               2
       38    3.82369e-01   1.69167e+00   2.11814e-02    3.61787e-11   2.05703e-04    6.54620e-03               2
       39    3.78450e-01   1.69132e+00   2.10967e-02    3.58170e-11   2.50802e-04    6.40715e-03               2
       40    3.74429e-01   1.69109e+00   2.09711e-02    3.60737e-11   2.08198e-04    6.21785e-03               2
       41    3.71092e-01   1.69092e+00   2.07902e-02    3.57131e-11   2.05836e-04    6.24864e-03               2
       42    3.67064e-01   1.69069e+00   2.06699e-02    3.53605e-11   2.01958e-04    5.97492e-03               2
       43    3.63504e-01   1.69048e+00   2.05549e-02    3.54249e-11   1.92148e-04    6.18265e-03               2
       44    3.59849e-01   1.69033e+00   2.03843e-02    3.50708e-11   1.85813e-04    5.64935e-03               2
       45    3.56394e-01   1.69018e+00   2.02755e-02    3.47202e-11   1.56342e-04    6.03234e-03               2
       46    3.52811e-01   1.69000e+00   2.01285e-02    3.43734e-11   1.89410e-04    5.64909e-03               2
       47    3.49157e-01   1.68984e+00   2.00221e-02    3.44821e-11   1.52928e-04    5.84350e-03               2
       48    3.45897e-01   1.68973e+00   1.99217e-02    3.41375e-11   1.28027e-04    6.16849e-03               2
       49    3.42345e-01   1.68959e+00   1.97366e-02    3.37965e-11   1.90577e-04    5.53135e-03               2
       50    3.38929e-01   1.68950e+00   1.96048e-02    3.34588e-11   1.29410e-04    5.47582e-03               2
Elapsed time is 2119.271532 seconds.
Maximum number of iterations reached. Constraints not satisfied.
Elapsed time is 2119.323382 seconds.